"Interval start","All Packets","All Packets","All Packets"
0,3.38369e+06,2.63015e+06,735680
1,4.12389e+06,3.2155e+06,906672
2,4.00123e+06,3.23898e+06,761920
3,4.12608e+06,3.37397e+06,750400
4,3.88782e+06,2.99648e+06,891008
5,4.15734e+06,3.18122e+06,975792
6,4.1188e+06,3.07034e+06,1.04846e+06
7,4.39117e+06,3.14635e+06,1.24344e+06
8,4.24978e+06,3.03115e+06,1.21862e+06
9,4.16118e+06,3.36211e+06,799072
10,2.06973e+06,1.66418e+06,405552
11,2.30307e+06,1.84155e+06,461520
12,2.59411e+06,2.1301e+06,464016
13,2.88443e+06,2.88443e+06,0
14,3.00878e+06,3.00878e+06,0
15,3.3679e+06,3.35442e+06,12112
16,3.5519e+06,3.5519e+06,0
17,3.27358e+06,3.27358e+06,0
18,3.29501e+06,3.29501e+06,0
19,3.37134e+06,3.37134e+06,0
20,2.85102e+06,2.85102e+06,0
21,2.8388e+06,2.82669e+06,12112
22,3.24787e+06,3.24787e+06,0
23,3.0199e+06,3.0199e+06,0
24,2.68923e+06,2.68923e+06,0
25,2.56022e+06,2.56022e+06,0
26,3.11365e+06,3.11365e+06,0
27,2.75618e+06,2.75618e+06,0
28,2.55294e+06,2.55294e+06,0
29,3.08677e+06,3.08677e+06,0
30,3.02562e+06,3.02562e+06,0
31,2.99912e+06,2.99912e+06,0
32,3.02296e+06,3.02296e+06,0
33,5.19749e+06,2.99214e+06,2.20534e+06
34,3.71536e+06,3.27053e+06,444832
35,4.15262e+06,3.50923e+06,643392
36,651760,228080,423680
37,247120,190560,56560
38,3.23243e+06,1.41824e+06,1.81419e+06
39,3.77189e+06,3.22002e+06,551872
40,870520,686176,163680
41,21896,0,18144
42,11104,0,8640
