"Interval start","All Packets","lte","wifi"
0,3520,0,0
1,0,0,0
2,0,0,0
3,0,0,0
4,420144,233880,167872
5,1.1712e+06,212512,958016
6,1.15458e+06,228080,925824
7,1.16778e+06,216736,950368
8,1.16701e+06,165152,1.00118e+06
9,1.15931e+06,177856,980784
10,1.14858e+06,203264,945312
11,1.14934e+06,204032,945312
12,1.14798e+06,165152,982832
13,1.14798e+06,177856,970128
14,1.14925e+06,188800,960448
15,1.1468e+06,111904,1.0349e+06
16,1.14739e+06,150016,997376
17,1.13498e+06,124896,1.01008e+06
18,439312,12704,426608
19,1.22184e+06,139744,1.0821e+06
20,644560,76224,568336
21,1.14562e+06,76224,1.06939e+06
22,1.14562e+06,76224,1.06939e+06
23,1.14621e+06,101632,1.04458e+06
24,1.14621e+06,101632,1.04458e+06
25,1.14621e+06,101632,1.04458e+06
26,881968,430544,451424
27,1.20488e+06,1.20488e+06,0
28,1.08365e+06,1.08365e+06,0
29,1.09114e+06,1.09114e+06,0
30,1.04682e+06,1.04682e+06,0
31,1.08877e+06,1.08877e+06,0
32,1.03333e+06,1.03333e+06,0
33,1.07794e+06,1.07794e+06,0
34,1.30021e+06,1.09694e+06,203264
35,2.1123e+06,384992,1.72731e+06
36,1.14798e+06,165152,982832
37,1.14798e+06,177856,970128
38,1.14798e+06,203264,944720
39,1.13419e+06,112000,1.02219e+06
40,476320,12704,462944
41,1.09598e+06,76224,1.01976e+06
42,733488,124608,608880
43,1.14621e+06,88928,1.05728e+06
44,1.14621e+06,99200,1.04701e+06
45,1.14688e+06,101632,1.04458e+06
46,1.1468e+06,114336,1.03246e+06
47,1.1468e+06,124608,1.02219e+06
48,1.14562e+06,63520,1.0821e+06
49,1.14562e+06,63520,1.0821e+06
50,1.14562e+06,63520,1.0821e+06
51,1.14677e+06,88928,1.05728e+06
52,1.14621e+06,88928,1.05728e+06
53,1.14621e+06,88928,1.05728e+06
54,1.16594e+06,90112,1.05984e+06
55,2368,592,0
