"Interval start","All Packets","let","wifi"
0,3520,0,0
1,0,0,0
2,0,0,0
3,1.20822e+06,516152,670704
4,6.6251e+06,2.2045e+06,4.4168e+06
5,7.63264e+06,2.66563e+06,4.9632e+06
6,7.97034e+06,2.99062e+06,4.9759e+06
7,8.63861e+06,3.59603e+06,5.03706e+06
8,7.88354e+06,2.84149e+06,5.03824e+06
9,7.7088e+06,2.71765e+06,4.98802e+06
10,7.49723e+06,2.65498e+06,4.83912e+06
11,7.68475e+06,2.64397e+06,5.03765e+06
12,7.37062e+06,2.56755e+06,4.79994e+06
13,7.10709e+06,2.52714e+06,4.57682e+06
14,7.22442e+06,2.46507e+06,4.75621e+06
15,7.85658e+06,3.07686e+06,4.77658e+06
16,8.10037e+06,3.37498e+06,4.72226e+06
17,8.43698e+06,3.43312e+06,5.00072e+06
18,8.25523e+06,3.2889e+06,4.9632e+06
19,7.6679e+06,2.67734e+06,4.98742e+06
20,7.68338e+06,2.69163e+06,4.98861e+06
21,7.97939e+06,3.01306e+06,4.9632e+06
22,7.6943e+06,2.77819e+06,4.91298e+06
23,8.26448e+06,3.43434e+06,4.82701e+06
24,7.77003e+06,2.8037e+06,4.9632e+06
25,7.82843e+06,2.74126e+06,5.08403e+06
26,7.53616e+06,2.80438e+06,4.72864e+06
27,7.41053e+06,2.54214e+06,4.86525e+06
28,8.01701e+06,3.03856e+06,4.97531e+06
29,7.74453e+06,2.69104e+06,5.05035e+06
30,7.42891e+06,2.69456e+06,4.73122e+06
31,7.37304e+06,2.53123e+06,4.83867e+06
32,7.6097e+06,2.74262e+06,4.86394e+06
33,7.40981e+06,2.39384e+06,5.01283e+06
34,7.90613e+06,2.81571e+06,5.08728e+06
35,7.76934e+06,2.7909e+06,4.97531e+06
36,7.96966e+06,2.99062e+06,4.9759e+06
37,7.85461e+06,2.81382e+06,5.03765e+06
38,7.31349e+06,2.38467e+06,4.92568e+06
39,7.70632e+06,2.7648e+06,4.93838e+06
40,7.63795e+06,3.08989e+06,4.54493e+06
41,8.9664e+06,4.04602e+06,4.91725e+06
42,8.192e+06,3.32493e+06,4.86394e+06
43,8.61333e+06,3.57254e+06,5.03765e+06
44,7.18027e+06,2.11467e+06,5.06246e+06
45,6.84563e+06,1.95002e+06,4.89248e+06
46,7.63069e+06,3.01462e+06,4.61293e+06
47,7.1269e+06,2.13515e+06,4.98861e+06
48,7.76934e+06,2.85264e+06,4.91357e+06
49,8.02902e+06,3.02576e+06,5.00013e+06
50,7.90613e+06,2.84053e+06,5.06246e+06
51,7.37158e+06,2.38043e+06,4.98802e+06
52,7.00232e+06,1.96154e+06,5.03765e+06
53,7.26141e+06,2.31989e+06,4.93838e+06
54,7.37512e+06,2.40878e+06,4.9632e+06
55,7.13352e+06,2.1839e+06,4.94648e+06
56,7.10776e+06,2.45635e+06,4.64827e+06
57,7.61152e+06,2.54453e+06,5.06386e+06
58,7.90554e+06,2.91438e+06,4.98802e+06
59,8.30192e+06,3.32176e+06,4.97702e+06
60,7.46517e+06,2.65706e+06,4.80498e+06
61,8.032e+06,2.9664e+06,5.06246e+06
62,8.25304e+06,3.274e+06,4.9759e+06
63,7.77902e+06,2.70374e+06,5.07458e+06
64,7.61139e+06,2.38829e+06,5.21418e+06
65,4.03901e+06,526736,3.49941e+06
