wifi : 

77.7
151
197
236
276
340
380
452
479
492
517
489
522
415
404
433
446
450
461
466
483
496
520
406
411
477
514
400
383
426
436
448
464
459
457
481
510
410
392
473
499
508
516
410
404
435
448
448
463
448
467
494
520
418
410
480
519
375
389
425

lte : 

66.9
66.9
67.5
66.5
66.7
67.0
66.2
61.6
66.8
60.5
65.1
66.7
66.4
67.0
66.9
65.9
66.9
66.9
66.8
66.8
66.2
66.9
66.6
66.4
66.5
67.0
66.7
66.8
66.6
66.8
66.9
66.8
63.3
67.0
66.9
66.3
66.8
66.8
66.7
67.0
66.9
67.0
66.9
62.5
65.9
66.9
66.4
67.0
66.8
66.4
60.0
62.0
66.0
66.4
67.0
66.8
67.0
66.4
67.0